207108281630873           0000000000
205103281630913           0000000000
207108281630873           0000000000
207108281630873           0000000000
204210399350107909        0000000000
106110299350118474        0000000000
205110399240011837        0000000000
206109299240014151        0000000000
205110399240011837        0000000000
206109299240014151        0000000000
206116299350134871        0000000000
104207399350104753        0000000000
202115499350105354        0000000000
101203181638897           0000000000
202114199350039023        0000000000
205103281630913           0000000000
203117399350148772        0000000000
203117399350148772        0000000000
202114199350039023        0000000000
203117399350148772        0000000000
105101299350175355        0000000000
104203481639008           0000000000
108105381639044           0000000000
103110481650329           0000000000
203105499350079626        0000000000
208103299350086154        0000000000
206115499350086179        0000000000
101203181638897           0000000000
105101299350175355        0000000000
102207199350167355        0000000000
107106299350140544        0000000000
106109181638897           0000000000
205101399350117492        0000000000
216008481619458           0000000000
121007181630873           0000000000
207108281630873           0000000000
121007181630873           0000000000
217008281630873           0000000000
106110299350118474        0000000000
102207199350167355        0000000000
102207199350167355        0000000000
102207199350167355        0000000000
102207199350167355        0000000000
102207199350167355        0000000000
102207199350167355        0000000000
104203481639008           0000000000
108105381639044           0000000000
103110481650329           0000000000
203105499350079626        0000000000
208103299350086154        0000000000
206115499350086179        0000000000
207102399350104802        0000000000
103109299350115661        0000000000
103210299350116947        0000000000
103210299350116947        0000000000
204117299350117193        0000000000
108108299350118412        0000000000
106110499350118415        0000000000
103213399350118457        0000000000
103213399350118457        0000000000
106110299350118474        0000000000
103103299350118498        0000000000
103106499350118503        0000000000
102210299350118520        0000000000
106105399350118521        0000000000
107110299350119132        0000000000
107110299350119132        0000000000
102214299350119137        0000000000
102214299350119137        0000000000
101110499350119696        0000000000
101120499350119697        0000000000
101120499350119697        0000000000
102207199350167355        0000000000
104217399350175358        0000000000
104217399350175358        0000000000
103202199350170011        0000000000
103202199350170011        0000000000
103202199350170011        0000000000
103202199350170011        0000000000
104107199350094579        0000000000
104203481639008           0000000000
108105381639044           0000000000
103110481650329           0000000000
203105499350079626        0000000000
208103299350086154        0000000000
206115499350086179        0000000000
103202199350170011        0000000000
207102399350104802        0000000000
103109299350115661        0000000000
103210299350116947        0000000000
103210299350116947        0000000000
204117299350117193        0000000000
108108299350118412        0000000000
106110499350118415        0000000000
103213399350118457        0000000000
103213399350118457        0000000000
106110299350118474        0000000000
103103299350118498        0000000000
103106499350118503        0000000000
102210299350118520        0000000000
106105399350118521        0000000000
107110299350119132        0000000000
107110299350119132        0000000000
102214299350119137        0000000000
102214299350119137        0000000000
101110499350119696        0000000000
101120499350119697        0000000000
101120499350119697        0000000000
102207199350167355        0000000000
104217399350175358        0000000000
104217399350175358        0000000000
